w<-3

r<-4